1 2 3 4 5 0
6 7 4 0
2 7 0
6 8 9 0
1 3 9 4 5 0
1 8 3 9 0
-6 -1 -8 0
-6 -1 -2 0
-6 -1 -3 0
-6 -1 -7 0
-6 -1 -9 0
-6 -1 -4 0
-6 -1 -5 0
-6 -8 -2 0
-6 -8 -3 0
-6 -8 -7 0
-6 -8 -9 0
-6 -8 -4 0
-6 -8 -5 0
-6 -2 -3 0
-6 -2 -7 0
-6 -2 -9 0
-6 -2 -4 0
-6 -2 -5 0
-6 -3 -7 0
-6 -3 -9 0
-6 -3 -4 0
-6 -3 -5 0
-6 -7 -9 0
-6 -7 -4 0
-6 -7 -5 0
-6 -9 -4 0
-6 -9 -5 0
-6 -4 -5 0
-1 -8 -2 0
-1 -8 -3 0
-1 -8 -7 0
-1 -8 -9 0
-1 -8 -4 0
-1 -8 -5 0
-1 -2 -3 0
-1 -2 -7 0
-1 -2 -9 0
-1 -2 -4 0
-1 -2 -5 0
-1 -3 -7 0
-1 -3 -9 0
-1 -3 -4 0
-1 -3 -5 0
-1 -7 -9 0
-1 -7 -4 0
-1 -7 -5 0
-1 -9 -4 0
-1 -9 -5 0
-1 -4 -5 0
-8 -2 -3 0
-8 -2 -7 0
-8 -2 -9 0
-8 -2 -4 0
-8 -2 -5 0
-8 -3 -7 0
-8 -3 -9 0
-8 -3 -4 0
-8 -3 -5 0
-8 -7 -9 0
-8 -7 -4 0
-8 -7 -5 0
-8 -9 -4 0
-8 -9 -5 0
-8 -4 -5 0
-2 -3 -7 0
-2 -3 -9 0
-2 -3 -4 0
-2 -3 -5 0
-2 -7 -9 0
-2 -7 -4 0
-2 -7 -5 0
-2 -9 -4 0
-2 -9 -5 0
-2 -4 -5 0
-3 -7 -9 0
-3 -7 -4 0
-3 -7 -5 0
-3 -9 -4 0
-3 -9 -5 0
-3 -4 -5 0
-7 -9 -4 0
-7 -9 -5 0
-7 -4 -5 0
-9 -4 -5 0
