-1 0
-2 0
-3 0
-4 0
5 6 7 8 0
-5 -6 0
-5 -7 0
-5 -8 0
-6 -7 0
-6 -8 0
-7 -8 0
-9 0
-10 0
-8 0
-11 0
2 12 11 0
2 12 13 0
2 11 13 0
12 11 13 0
-2 -12 -11 0
-2 -12 -13 0
-2 -11 -13 0
-12 -11 -13 0
14 15 0
14 16 0
14 17 0
15 16 0
15 17 0
16 17 0
-14 -15 -16 -17 0
18 19 17 0
18 19 20 0
18 17 20 0
19 17 20 0
-18 -19 -17 0
-18 -19 -20 0
-18 -17 -20 0
-19 -17 -20 0
21 22 23 0
21 22 24 0
21 23 24 0
22 23 24 0
-21 -22 -23 0
-21 -22 -24 0
-21 -23 -24 0
-22 -23 -24 0
-6 0
-25 0
-24 0
-26 0
27 28 29 30 0
-27 -28 0
-27 -29 0
-27 -30 0
-28 -29 0
-28 -30 0
-29 -30 0
19 31 32 0
19 31 33 0
19 32 33 0
31 32 33 0
-19 -31 -32 0
-19 -31 -33 0
-19 -32 -33 0
-31 -32 -33 0
34 35 0
34 36 0
34 37 0
35 36 0
35 37 0
36 37 0
-34 -35 -36 -37 0
-28 0
-38 0
-39 0
-40 0
41 42 43 44 0
-41 -42 0
-41 -43 0
-41 -44 0
-42 -43 0
-42 -44 0
-43 -44 0
45 46 0
45 44 0
45 47 0
46 44 0
46 47 0
44 47 0
-45 -46 -44 -47 0
48 49 50 51 0
-48 -49 0
-48 -50 0
-48 -51 0
-49 -50 0
-49 -51 0
-50 -51 0
-52 0
-53 0
-54 0
-55 0
56 57 58 0
56 57 59 0
56 58 59 0
57 58 59 0
-56 -57 -58 0
-56 -57 -59 0
-56 -58 -59 0
-57 -58 -59 0
60 61 0
60 62 0
60 63 0
61 62 0
61 63 0
62 63 0
-60 -61 -62 -63 0
-64 0
-65 0
-66 0
-67 0
68 69 70 0
68 69 71 0
68 70 71 0
69 70 71 0
-68 -69 -70 0
-68 -69 -71 0
-68 -70 -71 0
-69 -70 -71 0
-72 0
-73 0
-74 0
-75 0
-76 0
-77 0
-78 0
-79 0
-80 0
-81 0
-82 0
-83 0
84 85 86 0
84 85 87 0
84 86 87 0
85 86 87 0
-84 -85 -86 0
-84 -85 -87 0
-84 -86 -87 0
-85 -86 -87 0
88 89 90 0
88 89 91 0
88 90 91 0
89 90 91 0
-88 -89 -90 0
-88 -89 -91 0
-88 -90 -91 0
-89 -90 -91 0
92 93 0
92 94 0
92 95 0
93 94 0
93 95 0
94 95 0
-92 -93 -94 -95 0
96 97 0
96 95 0
96 98 0
97 95 0
97 98 0
95 98 0
-96 -97 -95 -98 0
-99 0
-100 0
-101 0
-102 0
103 104 102 0
103 104 105 0
103 102 105 0
104 102 105 0
-103 -104 -102 0
-103 -104 -105 0
-103 -102 -105 0
-104 -102 -105 0
106 107 108 0
106 107 109 0
106 108 109 0
107 108 109 0
-106 -107 -108 0
-106 -107 -109 0
-106 -108 -109 0
-107 -108 -109 0
110 111 112 0
110 111 113 0
110 112 113 0
111 112 113 0
-110 -111 -112 0
-110 -111 -113 0
-110 -112 -113 0
-111 -112 -113 0
114 115 116 0
114 115 117 0
114 116 117 0
115 116 117 0
-114 -115 -116 0
-114 -115 -117 0
-114 -116 -117 0
-115 -116 -117 0
-118 0
-119 0
-120 0
-121 0
-122 0
-123 0
-124 0
-125 0
126 127 0
126 128 0
126 129 0
127 128 0
127 129 0
128 129 0
-126 -127 -128 -129 0
130 131 132 133 0
-130 -131 0
-130 -132 0
-130 -133 0
-131 -132 0
-131 -133 0
-132 -133 0
134 135 136 137 0
-134 -135 0
-134 -136 0
-134 -137 0
-135 -136 0
-135 -137 0
-136 -137 0
138 139 140 0
138 139 141 0
138 140 141 0
139 140 141 0
-138 -139 -140 0
-138 -139 -141 0
-138 -140 -141 0
-139 -140 -141 0
-142 0
-143 0
-144 0
-145 0
-146 0
-147 0
-145 0
-148 0
-149 150 0
-150 149 0
-151 152 0
-152 151 0
-153 154 0
-154 153 0
-155 156 0
-156 155 0
-149 -157 -158 0
-149 157 158 0
-157 149 158 0
-158 149 157 0
-153 -143 -144 0
-153 143 144 0
-143 153 144 0
-144 153 143 0
-157 -159 -160 0
-157 159 160 0
-159 157 160 0
-160 157 159 0
-143 -147 -145 0
-143 147 145 0
-147 143 145 0
-145 143 147 0
-159 -161 -162 0
-159 161 162 0
-161 159 162 0
-162 159 161 0
-147 -163 -148 0
-147 163 148 0
-163 147 148 0
-148 147 163 0
-161 -1 -3 0
-161 1 3 0
-1 161 3 0
-3 161 1 0
-163 -164 -165 0
-163 164 165 0
-164 163 165 0
-165 163 164 0
-1 -166 -4 0
-1 166 4 0
-166 1 4 0
-4 1 166 0
-164 -167 -168 0
-164 167 168 0
-167 164 168 0
-168 164 167 0
-166 -169 -170 0
-166 169 170 0
-169 166 170 0
-170 166 169 0
-167 -171 -172 0
-167 171 172 0
-171 167 172 0
-172 167 171 0
-169 -173 -174 0
-169 173 174 0
-173 169 174 0
-174 169 173 0
-171 -175 -176 0
-171 175 176 0
-175 171 176 0
-176 171 175 0
-173 -177 -178 0
-173 177 178 0
-177 173 178 0
-178 173 177 0
-175 -179 -180 0
-175 179 180 0
-179 175 180 0
-180 175 179 0
-177 -151 -181 0
-177 151 181 0
-151 177 181 0
-181 177 151 0
-179 -155 -182 0
-179 155 182 0
-155 179 182 0
-182 179 155 0
-183 -150 -184 0
-183 150 184 0
-150 183 184 0
-184 183 150 0
-18 -152 -20 0
-18 152 20 0
-152 18 20 0
-20 18 152 0
-185 -184 -186 0
-185 184 186 0
-184 185 186 0
-186 185 184 0
-19 -20 -33 0
-19 20 33 0
-20 19 33 0
-33 19 20 0
-187 -186 -188 0
-187 186 188 0
-186 187 188 0
-188 187 186 0
-31 -33 -189 0
-31 33 189 0
-33 31 189 0
-189 31 33 0
-41 -188 -43 0
-41 188 43 0
-188 41 43 0
-43 41 188 0
-190 -189 -191 0
-190 189 191 0
-189 190 191 0
-191 190 189 0
-42 -43 -192 0
-42 43 192 0
-43 42 192 0
-192 42 43 0
-193 -191 -194 0
-193 191 194 0
-191 193 194 0
-194 193 191 0
-195 -192 -196 0
-195 192 196 0
-192 195 196 0
-196 195 192 0
-197 -194 -198 0
-197 194 198 0
-194 197 198 0
-198 197 194 0
-199 -196 -200 0
-199 196 200 0
-196 199 200 0
-200 199 196 0
-201 -198 -202 0
-201 198 202 0
-198 201 202 0
-202 201 198 0
-203 -200 -204 0
-203 200 204 0
-200 203 204 0
-204 203 200 0
-205 -202 -206 0
-205 202 206 0
-202 205 206 0
-206 205 202 0
-207 -204 -208 0
-207 204 208 0
-204 207 208 0
-208 207 204 0
-72 -206 -75 0
-72 206 75 0
-206 72 75 0
-75 72 206 0
-76 -208 -78 0
-76 208 78 0
-208 76 78 0
-78 76 208 0
-73 -75 -209 0
-73 75 209 0
-75 73 209 0
-209 73 75 0
-77 -78 -210 0
-77 78 210 0
-78 77 210 0
-210 77 78 0
-211 -209 -212 0
-211 209 212 0
-209 211 212 0
-212 211 209 0
-213 -210 -214 0
-213 210 214 0
-210 213 214 0
-214 213 210 0
-96 -212 -98 0
-96 212 98 0
-212 96 98 0
-98 96 212 0
-99 -214 -101 0
-99 214 101 0
-214 99 101 0
-101 99 214 0
-97 -98 -215 0
-97 98 215 0
-98 97 215 0
-215 97 98 0
-100 -101 -216 0
-100 101 216 0
-101 100 216 0
-216 100 101 0
-217 -215 -218 0
-217 215 218 0
-215 217 218 0
-218 217 215 0
-110 -216 -112 0
-110 216 112 0
-216 110 112 0
-112 110 216 0
-219 -218 -220 0
-219 218 220 0
-218 219 220 0
-220 219 218 0
-111 -112 -221 0
-111 112 221 0
-112 111 221 0
-221 111 112 0
-222 -220 -223 0
-222 220 223 0
-220 222 223 0
-223 222 220 0
-224 -221 -225 0
-224 221 225 0
-221 224 225 0
-225 224 221 0
-130 -223 -133 0
-130 223 133 0
-223 130 133 0
-133 130 223 0
-226 -225 -227 0
-226 225 227 0
-225 226 227 0
-227 226 225 0
-131 -133 -228 0
-131 133 228 0
-133 131 228 0
-228 131 133 0
-229 -227 -154 0
-229 227 154 0
-227 229 154 0
-154 229 227 0
-230 -228 -156 0
-230 228 156 0
-228 230 156 0
-156 230 228 0
-183 -231 -158 0
-183 -231 -232 0
-183 -158 -232 0
-231 -158 -232 0
-183 231 158 232 0
-231 183 158 232 0
-158 183 231 232 0
-232 183 231 158 0
-231 -5 -160 0
-231 -5 -7 0
-231 -160 -7 0
-5 -160 -7 0
-231 5 160 7 0
-5 231 160 7 0
-160 231 5 7 0
-7 231 5 160 0
-5 -9 -162 0
-5 -9 -8 0
-5 -162 -8 0
-9 -162 -8 0
-5 9 162 8 0
-9 5 162 8 0
-162 5 9 8 0
-8 5 9 162 0
-9 -2 -3 0
-9 -2 -11 0
-9 -3 -11 0
-2 -3 -11 0
-9 2 3 11 0
-2 9 3 11 0
-3 9 2 11 0
-11 9 2 3 0
-2 -233 -4 0
-2 -233 -13 0
-2 -4 -13 0
-233 -4 -13 0
-2 233 4 13 0
-233 2 4 13 0
-4 2 233 13 0
-13 2 233 4 0
-233 -234 -170 0
-233 -234 -235 0
-233 -170 -235 0
-234 -170 -235 0
-233 234 170 235 0
-234 233 170 235 0
-170 233 234 235 0
-235 233 234 170 0
-234 -236 -174 0
-234 -236 -237 0
-234 -174 -237 0
-236 -174 -237 0
-234 236 174 237 0
-236 234 174 237 0
-174 234 236 237 0
-237 234 236 174 0
-236 -14 -178 0
-236 -14 -16 0
-236 -178 -16 0
-14 -178 -16 0
-236 14 178 16 0
-14 236 178 16 0
-178 236 14 16 0
-16 236 14 178 0
-14 -18 -181 0
-14 -18 -17 0
-14 -181 -17 0
-18 -181 -17 0
-14 18 181 17 0
-18 14 181 17 0
-181 14 18 17 0
-17 14 18 181 0
-185 -21 -232 0
-185 -21 -23 0
-185 -232 -23 0
-21 -232 -23 0
-185 21 232 23 0
-21 185 232 23 0
-232 185 21 23 0
-23 185 21 232 0
-21 -6 -7 0
-21 -6 -24 0
-21 -7 -24 0
-6 -7 -24 0
-21 6 7 24 0
-6 21 7 24 0
-7 21 6 24 0
-24 21 6 7 0
-6 -10 -8 0
-6 -10 -26 0
-6 -8 -26 0
-10 -8 -26 0
-6 10 8 26 0
-10 6 8 26 0
-8 6 10 26 0
-26 6 10 8 0
-10 -12 -11 0
-10 -12 -238 0
-10 -11 -238 0
-12 -11 -238 0
-10 12 11 238 0
-12 10 11 238 0
-11 10 12 238 0
-238 10 12 11 0
-12 -239 -13 0
-12 -239 -240 0
-12 -13 -240 0
-239 -13 -240 0
-12 239 13 240 0
-239 12 13 240 0
-13 12 239 240 0
-240 12 239 13 0
-239 -27 -235 0
-239 -27 -29 0
-239 -235 -29 0
-27 -235 -29 0
-239 27 235 29 0
-27 239 235 29 0
-235 239 27 29 0
-29 239 27 235 0
-27 -241 -237 0
-27 -241 -30 0
-27 -237 -30 0
-241 -237 -30 0
-27 241 237 30 0
-241 27 237 30 0
-237 27 241 30 0
-30 27 241 237 0
-241 -15 -16 0
-241 -15 -242 0
-241 -16 -242 0
-15 -16 -242 0
-241 15 16 242 0
-15 241 16 242 0
-16 241 15 242 0
-242 241 15 16 0
-15 -19 -17 0
-15 -19 -32 0
-15 -17 -32 0
-19 -17 -32 0
-15 19 17 32 0
-19 15 17 32 0
-17 15 19 32 0
-32 15 19 17 0
-187 -22 -23 0
-187 -22 -243 0
-187 -23 -243 0
-22 -23 -243 0
-187 22 23 243 0
-22 187 23 243 0
-23 187 22 243 0
-243 187 22 23 0
-22 -25 -24 0
-22 -25 -244 0
-22 -24 -244 0
-25 -24 -244 0
-22 25 24 244 0
-25 22 24 244 0
-24 22 25 244 0
-244 22 25 24 0
-25 -34 -26 0
-25 -34 -36 0
-25 -26 -36 0
-34 -26 -36 0
-25 34 26 36 0
-34 25 26 36 0
-26 25 34 36 0
-36 25 34 26 0
-34 -245 -238 0
-34 -245 -37 0
-34 -238 -37 0
-245 -238 -37 0
-34 245 238 37 0
-245 34 238 37 0
-238 34 245 37 0
-37 34 245 238 0
-245 -246 -240 0
-245 -246 -247 0
-245 -240 -247 0
-246 -240 -247 0
-245 246 240 247 0
-246 245 240 247 0
-240 245 246 247 0
-247 245 246 240 0
-246 -28 -29 0
-246 -28 -39 0
-246 -29 -39 0
-28 -29 -39 0
-246 28 29 39 0
-28 246 29 39 0
-29 246 28 39 0
-39 246 28 29 0
-28 -248 -30 0
-28 -248 -40 0
-28 -30 -40 0
-248 -30 -40 0
-28 248 30 40 0
-248 28 30 40 0
-30 28 248 40 0
-40 28 248 30 0
-248 -249 -242 0
-248 -249 -250 0
-248 -242 -250 0
-249 -242 -250 0
-248 249 242 250 0
-249 248 242 250 0
-242 248 249 250 0
-250 248 249 242 0
-249 -31 -32 0
-249 -31 -251 0
-249 -32 -251 0
-31 -32 -251 0
-249 31 32 251 0
-31 249 32 251 0
-32 249 31 251 0
-251 249 31 32 0
-41 -45 -243 0
-41 -45 -44 0
-41 -243 -44 0
-45 -243 -44 0
-41 45 243 44 0
-45 41 243 44 0
-243 41 45 44 0
-44 41 45 243 0
-45 -252 -244 0
-45 -252 -47 0
-45 -244 -47 0
-252 -244 -47 0
-45 252 244 47 0
-252 45 244 47 0
-244 45 252 47 0
-47 45 252 244 0
-252 -35 -36 0
-252 -35 -253 0
-252 -36 -253 0
-35 -36 -253 0
-252 35 36 253 0
-35 252 36 253 0
-36 252 35 253 0
-253 252 35 36 0
-35 -254 -37 0
-35 -254 -255 0
-35 -37 -255 0
-254 -37 -255 0
-35 254 37 255 0
-254 35 37 255 0
-37 35 254 255 0
-255 35 254 37 0
-254 -256 -247 0
-254 -256 -257 0
-254 -247 -257 0
-256 -247 -257 0
-254 256 247 257 0
-256 254 247 257 0
-247 254 256 257 0
-257 254 256 247 0
-256 -38 -39 0
-256 -38 -258 0
-256 -39 -258 0
-38 -39 -258 0
-256 38 39 258 0
-38 256 39 258 0
-39 256 38 258 0
-258 256 38 39 0
-38 -259 -40 0
-38 -259 -260 0
-38 -40 -260 0
-259 -40 -260 0
-38 259 40 260 0
-259 38 40 260 0
-40 38 259 260 0
-260 38 259 40 0
-259 -48 -250 0
-259 -48 -50 0
-259 -250 -50 0
-48 -250 -50 0
-259 48 250 50 0
-48 259 250 50 0
-250 259 48 50 0
-50 259 48 250 0
-48 -190 -251 0
-48 -190 -51 0
-48 -251 -51 0
-190 -251 -51 0
-48 190 251 51 0
-190 48 251 51 0
-251 48 190 51 0
-51 48 190 251 0
-42 -46 -44 0
-42 -46 -261 0
-42 -44 -261 0
-46 -44 -261 0
-42 46 44 261 0
-46 42 44 261 0
-44 42 46 261 0
-261 42 46 44 0
-46 -52 -47 0
-46 -52 -54 0
-46 -47 -54 0
-52 -47 -54 0
-46 52 47 54 0
-52 46 47 54 0
-47 46 52 54 0
-54 46 52 47 0
-52 -262 -253 0
-52 -262 -55 0
-52 -253 -55 0
-262 -253 -55 0
-52 262 253 55 0
-262 52 253 55 0
-253 52 262 55 0
-55 52 262 253 0
-262 -263 -255 0
-262 -263 -264 0
-262 -255 -264 0
-263 -255 -264 0
-262 263 255 264 0
-263 262 255 264 0
-255 262 263 264 0
-264 262 263 255 0
-263 -265 -257 0
-263 -265 -266 0
-263 -257 -266 0
-265 -257 -266 0
-263 265 257 266 0
-265 263 257 266 0
-257 263 265 266 0
-266 263 265 257 0
-265 -56 -258 0
-265 -56 -58 0
-265 -258 -58 0
-56 -258 -58 0
-265 56 258 58 0
-56 265 258 58 0
-258 265 56 58 0
-58 265 56 258 0
-56 -267 -260 0
-56 -267 -59 0
-56 -260 -59 0
-267 -260 -59 0
-56 267 260 59 0
-267 56 260 59 0
-260 56 267 59 0
-59 56 267 260 0
-267 -49 -50 0
-267 -49 -268 0
-267 -50 -268 0
-49 -50 -268 0
-267 49 50 268 0
-49 267 50 268 0
-50 267 49 268 0
-268 267 49 50 0
-49 -193 -51 0
-49 -193 -269 0
-49 -51 -269 0
-193 -51 -269 0
-49 193 51 269 0
-193 49 51 269 0
-51 49 193 269 0
-269 49 193 51 0
-195 -270 -261 0
-195 -270 -271 0
-195 -261 -271 0
-270 -261 -271 0
-195 270 261 271 0
-270 195 261 271 0
-261 195 270 271 0
-271 195 270 261 0
-270 -53 -54 0
-270 -53 -272 0
-270 -54 -272 0
-53 -54 -272 0
-270 53 54 272 0
-53 270 54 272 0
-54 270 53 272 0
-272 270 53 54 0
-53 -60 -55 0
-53 -60 -62 0
-53 -55 -62 0
-60 -55 -62 0
-53 60 55 62 0
-60 53 55 62 0
-55 53 60 62 0
-62 53 60 55 0
-60 -273 -264 0
-60 -273 -63 0
-60 -264 -63 0
-273 -264 -63 0
-60 273 264 63 0
-273 60 264 63 0
-264 60 273 63 0
-63 60 273 264 0
-273 -274 -266 0
-273 -274 -275 0
-273 -266 -275 0
-274 -266 -275 0
-273 274 266 275 0
-274 273 266 275 0
-266 273 274 275 0
-275 273 274 266 0
-274 -57 -58 0
-274 -57 -276 0
-274 -58 -276 0
-57 -58 -276 0
-274 57 58 276 0
-57 274 58 276 0
-58 274 57 276 0
-276 274 57 58 0
-57 -277 -59 0
-57 -277 -278 0
-57 -59 -278 0
-277 -59 -278 0
-57 277 59 278 0
-277 57 59 278 0
-59 57 277 278 0
-278 57 277 59 0
-277 -64 -268 0
-277 -64 -66 0
-277 -268 -66 0
-64 -268 -66 0
-277 64 268 66 0
-64 277 268 66 0
-268 277 64 66 0
-66 277 64 268 0
-64 -197 -269 0
-64 -197 -67 0
-64 -269 -67 0
-197 -269 -67 0
-64 197 269 67 0
-197 64 269 67 0
-269 64 197 67 0
-67 64 197 269 0
-199 -279 -271 0
-199 -279 -280 0
-199 -271 -280 0
-279 -271 -280 0
-199 279 271 280 0
-279 199 271 280 0
-271 199 279 280 0
-280 199 279 271 0
-279 -281 -272 0
-279 -281 -282 0
-279 -272 -282 0
-281 -272 -282 0
-279 281 272 282 0
-281 279 272 282 0
-272 279 281 282 0
-282 279 281 272 0
-281 -61 -62 0
-281 -61 -283 0
-281 -62 -283 0
-61 -62 -283 0
-281 61 62 283 0
-61 281 62 283 0
-62 281 61 283 0
-283 281 61 62 0
-61 -284 -63 0
-61 -284 -285 0
-61 -63 -285 0
-284 -63 -285 0
-61 284 63 285 0
-284 61 63 285 0
-63 61 284 285 0
-285 61 284 63 0
-284 -286 -275 0
-284 -286 -287 0
-284 -275 -287 0
-286 -275 -287 0
-284 286 275 287 0
-286 284 275 287 0
-275 284 286 287 0
-287 284 286 275 0
-286 -288 -276 0
-286 -288 -289 0
-286 -276 -289 0
-288 -276 -289 0
-286 288 276 289 0
-288 286 276 289 0
-276 286 288 289 0
-289 286 288 276 0
-288 -290 -278 0
-288 -290 -291 0
-288 -278 -291 0
-290 -278 -291 0
-288 290 278 291 0
-290 288 278 291 0
-278 288 290 291 0
-291 288 290 278 0
-290 -65 -66 0
-290 -65 -292 0
-290 -66 -292 0
-65 -66 -292 0
-290 65 66 292 0
-65 290 66 292 0
-66 290 65 292 0
-292 290 65 66 0
-65 -201 -67 0
-65 -201 -293 0
-65 -67 -293 0
-201 -67 -293 0
-65 201 67 293 0
-201 65 67 293 0
-67 65 201 293 0
-293 65 201 67 0
-203 -294 -280 0
-203 -294 -295 0
-203 -280 -295 0
-294 -280 -295 0
-203 294 280 295 0
-294 203 280 295 0
-280 203 294 295 0
-295 203 294 280 0
-294 -296 -282 0
-294 -296 -297 0
-294 -282 -297 0
-296 -282 -297 0
-294 296 282 297 0
-296 294 282 297 0
-282 294 296 297 0
-297 294 296 282 0
-296 -298 -283 0
-296 -298 -299 0
-296 -283 -299 0
-298 -283 -299 0
-296 298 283 299 0
-298 296 283 299 0
-283 296 298 299 0
-299 296 298 283 0
-298 -300 -285 0
-298 -300 -301 0
-298 -285 -301 0
-300 -285 -301 0
-298 300 285 301 0
-300 298 285 301 0
-285 298 300 301 0
-301 298 300 285 0
-300 -302 -287 0
-300 -302 -303 0
-300 -287 -303 0
-302 -287 -303 0
-300 302 287 303 0
-302 300 287 303 0
-287 300 302 303 0
-303 300 302 287 0
-302 -304 -289 0
-302 -304 -305 0
-302 -289 -305 0
-304 -289 -305 0
-302 304 289 305 0
-304 302 289 305 0
-289 302 304 305 0
-305 302 304 289 0
-304 -306 -291 0
-304 -306 -307 0
-304 -291 -307 0
-306 -291 -307 0
-304 306 291 307 0
-306 304 291 307 0
-291 304 306 307 0
-307 304 306 291 0
-306 -308 -292 0
-306 -308 -309 0
-306 -292 -309 0
-308 -292 -309 0
-306 308 292 309 0
-308 306 292 309 0
-292 306 308 309 0
-309 306 308 292 0
-308 -205 -293 0
-308 -205 -310 0
-308 -293 -310 0
-205 -293 -310 0
-308 205 293 310 0
-205 308 293 310 0
-293 308 205 310 0
-310 308 205 293 0
-207 -311 -295 0
-207 -311 -312 0
-207 -295 -312 0
-311 -295 -312 0
-207 311 295 312 0
-311 207 295 312 0
-295 207 311 312 0
-312 207 311 295 0
-311 -313 -297 0
-311 -313 -314 0
-311 -297 -314 0
-313 -297 -314 0
-311 313 297 314 0
-313 311 297 314 0
-297 311 313 314 0
-314 311 313 297 0
-313 -315 -299 0
-313 -315 -316 0
-313 -299 -316 0
-315 -299 -316 0
-313 315 299 316 0
-315 313 299 316 0
-299 313 315 316 0
-316 313 315 299 0
-315 -68 -301 0
-315 -68 -70 0
-315 -301 -70 0
-68 -301 -70 0
-315 68 301 70 0
-68 315 301 70 0
-301 315 68 70 0
-70 315 68 301 0
-68 -317 -303 0
-68 -317 -71 0
-68 -303 -71 0
-317 -303 -71 0
-68 317 303 71 0
-317 68 303 71 0
-303 68 317 71 0
-71 68 317 303 0
-317 -318 -305 0
-317 -318 -319 0
-317 -305 -319 0
-318 -305 -319 0
-317 318 305 319 0
-318 317 305 319 0
-305 317 318 319 0
-319 317 318 305 0
-318 -320 -307 0
-318 -320 -321 0
-318 -307 -321 0
-320 -307 -321 0
-318 320 307 321 0
-320 318 307 321 0
-307 318 320 321 0
-321 318 320 307 0
-320 -322 -309 0
-320 -322 -323 0
-320 -309 -323 0
-322 -309 -323 0
-320 322 309 323 0
-322 320 309 323 0
-309 320 322 323 0
-323 320 322 309 0
-322 -72 -310 0
-322 -72 -74 0
-322 -310 -74 0
-72 -310 -74 0
-322 72 310 74 0
-72 322 310 74 0
-310 322 72 74 0
-74 322 72 310 0
-76 -324 -312 0
-76 -324 -79 0
-76 -312 -79 0
-324 -312 -79 0
-76 324 312 79 0
-324 76 312 79 0
-312 76 324 79 0
-79 76 324 312 0
-324 -325 -314 0
-324 -325 -326 0
-324 -314 -326 0
-325 -314 -326 0
-324 325 314 326 0
-325 324 314 326 0
-314 324 325 326 0
-326 324 325 314 0
-325 -327 -316 0
-325 -327 -328 0
-325 -316 -328 0
-327 -316 -328 0
-325 327 316 328 0
-327 325 316 328 0
-316 325 327 328 0
-328 325 327 316 0
-327 -69 -70 0
-327 -69 -329 0
-327 -70 -329 0
-69 -70 -329 0
-327 69 70 329 0
-69 327 70 329 0
-70 327 69 329 0
-329 327 69 70 0
-69 -330 -71 0
-69 -330 -331 0
-69 -71 -331 0
-330 -71 -331 0
-69 330 71 331 0
-330 69 71 331 0
-71 69 330 331 0
-331 69 330 71 0
-330 -332 -319 0
-330 -332 -333 0
-330 -319 -333 0
-332 -319 -333 0
-330 332 319 333 0
-332 330 319 333 0
-319 330 332 333 0
-333 330 332 319 0
-332 -334 -321 0
-332 -334 -335 0
-332 -321 -335 0
-334 -321 -335 0
-332 334 321 335 0
-334 332 321 335 0
-321 332 334 335 0
-335 332 334 321 0
-334 -336 -323 0
-334 -336 -337 0
-334 -323 -337 0
-336 -323 -337 0
-334 336 323 337 0
-336 334 323 337 0
-323 334 336 337 0
-337 334 336 323 0
-336 -73 -74 0
-336 -73 -338 0
-336 -74 -338 0
-73 -74 -338 0
-336 73 74 338 0
-73 336 74 338 0
-74 336 73 338 0
-338 336 73 74 0
-77 -339 -79 0
-77 -339 -340 0
-77 -79 -340 0
-339 -79 -340 0
-77 339 79 340 0
-339 77 79 340 0
-79 77 339 340 0
-340 77 339 79 0
-339 -341 -326 0
-339 -341 -342 0
-339 -326 -342 0
-341 -326 -342 0
-339 341 326 342 0
-341 339 326 342 0
-326 339 341 342 0
-342 339 341 326 0
-341 -80 -328 0
-341 -80 -82 0
-341 -328 -82 0
-80 -328 -82 0
-341 80 328 82 0
-80 341 328 82 0
-328 341 80 82 0
-82 341 80 328 0
-80 -343 -329 0
-80 -343 -83 0
-80 -329 -83 0
-343 -329 -83 0
-80 343 329 83 0
-343 80 329 83 0
-329 80 343 83 0
-83 80 343 329 0
-343 -344 -331 0
-343 -344 -345 0
-343 -331 -345 0
-344 -331 -345 0
-343 344 331 345 0
-344 343 331 345 0
-331 343 344 345 0
-345 343 344 331 0
-344 -346 -333 0
-344 -346 -347 0
-344 -333 -347 0
-346 -333 -347 0
-344 346 333 347 0
-346 344 333 347 0
-333 344 346 347 0
-347 344 346 333 0
-346 -84 -335 0
-346 -84 -86 0
-346 -335 -86 0
-84 -335 -86 0
-346 84 335 86 0
-84 346 335 86 0
-335 346 84 86 0
-86 346 84 335 0
-84 -348 -337 0
-84 -348 -87 0
-84 -337 -87 0
-348 -337 -87 0
-84 348 337 87 0
-348 84 337 87 0
-337 84 348 87 0
-87 84 348 337 0
-348 -211 -338 0
-348 -211 -349 0
-348 -338 -349 0
-211 -338 -349 0
-348 211 338 349 0
-211 348 338 349 0
-338 348 211 349 0
-349 348 211 338 0
-213 -350 -340 0
-213 -350 -351 0
-213 -340 -351 0
-350 -340 -351 0
-213 350 340 351 0
-350 213 340 351 0
-340 213 350 351 0
-351 213 350 340 0
-350 -352 -342 0
-350 -352 -353 0
-350 -342 -353 0
-352 -342 -353 0
-350 352 342 353 0
-352 350 342 353 0
-342 350 352 353 0
-353 350 352 342 0
-352 -81 -82 0
-352 -81 -354 0
-352 -82 -354 0
-81 -82 -354 0
-352 81 82 354 0
-81 352 82 354 0
-82 352 81 354 0
-354 352 81 82 0
-81 -355 -83 0
-81 -355 -356 0
-81 -83 -356 0
-355 -83 -356 0
-81 355 83 356 0
-355 81 83 356 0
-83 81 355 356 0
-356 81 355 83 0
-355 -357 -345 0
-355 -357 -358 0
-355 -345 -358 0
-357 -345 -358 0
-355 357 345 358 0
-357 355 345 358 0
-345 355 357 358 0
-358 355 357 345 0
-357 -88 -347 0
-357 -88 -90 0
-357 -347 -90 0
-88 -347 -90 0
-357 88 347 90 0
-88 357 347 90 0
-347 357 88 90 0
-90 357 88 347 0
-88 -85 -86 0
-88 -85 -91 0
-88 -86 -91 0
-85 -86 -91 0
-88 85 86 91 0
-85 88 86 91 0
-86 88 85 91 0
-91 88 85 86 0
-85 -92 -87 0
-85 -92 -94 0
-85 -87 -94 0
-92 -87 -94 0
-85 92 87 94 0
-92 85 87 94 0
-87 85 92 94 0
-94 85 92 87 0
-92 -96 -349 0
-92 -96 -95 0
-92 -349 -95 0
-96 -349 -95 0
-92 96 349 95 0
-96 92 349 95 0
-349 92 96 95 0
-95 92 96 349 0
-99 -103 -351 0
-99 -103 -102 0
-99 -351 -102 0
-103 -351 -102 0
-99 103 351 102 0
-103 99 351 102 0
-351 99 103 102 0
-102 99 103 351 0
-103 -359 -353 0
-103 -359 -105 0
-103 -353 -105 0
-359 -353 -105 0
-103 359 353 105 0
-359 103 353 105 0
-353 103 359 105 0
-105 103 359 353 0
-359 -360 -354 0
-359 -360 -361 0
-359 -354 -361 0
-360 -354 -361 0
-359 360 354 361 0
-360 359 354 361 0
-354 359 360 361 0
-361 359 360 354 0
-360 -362 -356 0
-360 -362 -363 0
-360 -356 -363 0
-362 -356 -363 0
-360 362 356 363 0
-362 360 356 363 0
-356 360 362 363 0
-363 360 362 356 0
-362 -364 -358 0
-362 -364 -365 0
-362 -358 -365 0
-364 -358 -365 0
-362 364 358 365 0
-364 362 358 365 0
-358 362 364 365 0
-365 362 364 358 0
-364 -89 -90 0
-364 -89 -366 0
-364 -90 -366 0
-89 -90 -366 0
-364 89 90 366 0
-89 364 90 366 0
-90 364 89 366 0
-366 364 89 90 0
-89 -367 -91 0
-89 -367 -368 0
-89 -91 -368 0
-367 -91 -368 0
-89 367 91 368 0
-367 89 91 368 0
-91 89 367 368 0
-368 89 367 91 0
-367 -93 -94 0
-367 -93 -369 0
-367 -94 -369 0
-93 -94 -369 0
-367 93 94 369 0
-93 367 94 369 0
-94 367 93 369 0
-369 367 93 94 0
-93 -97 -95 0
-93 -97 -370 0
-93 -95 -370 0
-97 -95 -370 0
-93 97 95 370 0
-97 93 95 370 0
-95 93 97 370 0
-370 93 97 95 0
-100 -104 -102 0
-100 -104 -371 0
-100 -102 -371 0
-104 -102 -371 0
-100 104 102 371 0
-104 100 102 371 0
-102 100 104 371 0
-371 100 104 102 0
-104 -372 -105 0
-104 -372 -373 0
-104 -105 -373 0
-372 -105 -373 0
-104 372 105 373 0
-372 104 105 373 0
-105 104 372 373 0
-373 104 372 105 0
-372 -106 -361 0
-372 -106 -108 0
-372 -361 -108 0
-106 -361 -108 0
-372 106 361 108 0
-106 372 361 108 0
-361 372 106 108 0
-108 372 106 361 0
-106 -374 -363 0
-106 -374 -109 0
-106 -363 -109 0
-374 -363 -109 0
-106 374 363 109 0
-374 106 363 109 0
-363 106 374 109 0
-109 106 374 363 0
-374 -375 -365 0
-374 -375 -376 0
-374 -365 -376 0
-375 -365 -376 0
-374 375 365 376 0
-375 374 365 376 0
-365 374 375 376 0
-376 374 375 365 0
-375 -377 -366 0
-375 -377 -378 0
-375 -366 -378 0
-377 -366 -378 0
-375 377 366 378 0
-377 375 366 378 0
-366 375 377 378 0
-378 375 377 366 0
-377 -379 -368 0
-377 -379 -380 0
-377 -368 -380 0
-379 -368 -380 0
-377 379 368 380 0
-379 377 368 380 0
-368 377 379 380 0
-380 377 379 368 0
-379 -381 -369 0
-379 -381 -382 0
-379 -369 -382 0
-381 -369 -382 0
-379 381 369 382 0
-381 379 369 382 0
-369 379 381 382 0
-382 379 381 369 0
-381 -217 -370 0
-381 -217 -383 0
-381 -370 -383 0
-217 -370 -383 0
-381 217 370 383 0
-217 381 370 383 0
-370 381 217 383 0
-383 381 217 370 0
-110 -384 -371 0
-110 -384 -113 0
-110 -371 -113 0
-384 -371 -113 0
-110 384 371 113 0
-384 110 371 113 0
-371 110 384 113 0
-113 110 384 371 0
-384 -385 -373 0
-384 -385 -386 0
-384 -373 -386 0
-385 -373 -386 0
-384 385 373 386 0
-385 384 373 386 0
-373 384 385 386 0
-386 384 385 373 0
-385 -107 -108 0
-385 -107 -387 0
-385 -108 -387 0
-107 -108 -387 0
-385 107 108 387 0
-107 385 108 387 0
-108 385 107 387 0
-387 385 107 108 0
-107 -388 -109 0
-107 -388 -389 0
-107 -109 -389 0
-388 -109 -389 0
-107 388 109 389 0
-388 107 109 389 0
-109 107 388 389 0
-389 107 388 109 0
-388 -390 -376 0
-388 -390 -391 0
-388 -376 -391 0
-390 -376 -391 0
-388 390 376 391 0
-390 388 376 391 0
-376 388 390 391 0
-391 388 390 376 0
-390 -392 -378 0
-390 -392 -393 0
-390 -378 -393 0
-392 -378 -393 0
-390 392 378 393 0
-392 390 378 393 0
-378 390 392 393 0
-393 390 392 378 0
-392 -394 -380 0
-392 -394 -395 0
-392 -380 -395 0
-394 -380 -395 0
-392 394 380 395 0
-394 392 380 395 0
-380 392 394 395 0
-395 392 394 380 0
-394 -114 -382 0
-394 -114 -116 0
-394 -382 -116 0
-114 -382 -116 0
-394 114 382 116 0
-114 394 382 116 0
-382 394 114 116 0
-116 394 114 382 0
-114 -219 -383 0
-114 -219 -117 0
-114 -383 -117 0
-219 -383 -117 0
-114 219 383 117 0
-219 114 383 117 0
-383 114 219 117 0
-117 114 219 383 0
-111 -118 -113 0
-111 -118 -120 0
-111 -113 -120 0
-118 -113 -120 0
-111 118 113 120 0
-118 111 113 120 0
-113 111 118 120 0
-120 111 118 113 0
-118 -396 -386 0
-118 -396 -121 0
-118 -386 -121 0
-396 -386 -121 0
-118 396 386 121 0
-396 118 386 121 0
-386 118 396 121 0
-121 118 396 386 0
-396 -397 -387 0
-396 -397 -398 0
-396 -387 -398 0
-397 -387 -398 0
-396 397 387 398 0
-397 396 387 398 0
-387 396 397 398 0
-398 396 397 387 0
-397 -399 -389 0
-397 -399 -400 0
-397 -389 -400 0
-399 -389 -400 0
-397 399 389 400 0
-399 397 389 400 0
-389 397 399 400 0
-400 397 399 389 0
-399 -401 -391 0
-399 -401 -402 0
-399 -391 -402 0
-401 -391 -402 0
-399 401 391 402 0
-401 399 391 402 0
-391 399 401 402 0
-402 399 401 391 0
-401 -403 -393 0
-401 -403 -404 0
-401 -393 -404 0
-403 -393 -404 0
-401 403 393 404 0
-403 401 393 404 0
-393 401 403 404 0
-404 401 403 393 0
-403 -405 -395 0
-403 -405 -406 0
-403 -395 -406 0
-405 -395 -406 0
-403 405 395 406 0
-405 403 395 406 0
-395 403 405 406 0
-406 403 405 395 0
-405 -115 -116 0
-405 -115 -407 0
-405 -116 -407 0
-115 -116 -407 0
-405 115 116 407 0
-115 405 116 407 0
-116 405 115 407 0
-407 405 115 116 0
-115 -222 -117 0
-115 -222 -408 0
-115 -117 -408 0
-222 -117 -408 0
-115 222 117 408 0
-222 115 117 408 0
-117 115 222 408 0
-408 115 222 117 0
-224 -119 -120 0
-224 -119 -409 0
-224 -120 -409 0
-119 -120 -409 0
-224 119 120 409 0
-119 224 120 409 0
-120 224 119 409 0
-409 224 119 120 0
-119 -410 -121 0
-119 -410 -411 0
-119 -121 -411 0
-410 -121 -411 0
-119 410 121 411 0
-410 119 121 411 0
-121 119 410 411 0
-411 119 410 121 0
-410 -122 -398 0
-410 -122 -124 0
-410 -398 -124 0
-122 -398 -124 0
-410 122 398 124 0
-122 410 398 124 0
-398 410 122 124 0
-124 410 122 398 0
-122 -412 -400 0
-122 -412 -125 0
-122 -400 -125 0
-412 -400 -125 0
-122 412 400 125 0
-412 122 400 125 0
-400 122 412 125 0
-125 122 412 400 0
-412 -413 -402 0
-412 -413 -414 0
-412 -402 -414 0
-413 -402 -414 0
-412 413 402 414 0
-413 412 402 414 0
-402 412 413 414 0
-414 412 413 402 0
-413 -415 -404 0
-413 -415 -416 0
-413 -404 -416 0
-415 -404 -416 0
-413 415 404 416 0
-415 413 404 416 0
-404 413 415 416 0
-416 413 415 404 0
-415 -126 -406 0
-415 -126 -128 0
-415 -406 -128 0
-126 -406 -128 0
-415 126 406 128 0
-126 415 406 128 0
-406 415 126 128 0
-128 415 126 406 0
-126 -417 -407 0
-126 -417 -129 0
-126 -407 -129 0
-417 -407 -129 0
-126 417 407 129 0
-417 126 407 129 0
-407 126 417 129 0
-129 126 417 407 0
-417 -130 -408 0
-417 -130 -132 0
-417 -408 -132 0
-130 -408 -132 0
-417 130 408 132 0
-130 417 408 132 0
-408 417 130 132 0
-132 417 130 408 0
-226 -418 -409 0
-226 -418 -419 0
-226 -409 -419 0
-418 -409 -419 0
-226 418 409 419 0
-418 226 409 419 0
-409 226 418 419 0
-419 226 418 409 0
-418 -420 -411 0
-418 -420 -421 0
-418 -411 -421 0
-420 -411 -421 0
-418 420 411 421 0
-420 418 411 421 0
-411 418 420 421 0
-421 418 420 411 0
-420 -123 -124 0
-420 -123 -422 0
-420 -124 -422 0
-123 -124 -422 0
-420 123 124 422 0
-123 420 124 422 0
-124 420 123 422 0
-422 420 123 124 0
-123 -134 -125 0
-123 -134 -136 0
-123 -125 -136 0
-134 -125 -136 0
-123 134 125 136 0
-134 123 125 136 0
-125 123 134 136 0
-136 123 134 125 0
-134 -423 -414 0
-134 -423 -137 0
-134 -414 -137 0
-423 -414 -137 0
-134 423 414 137 0
-423 134 414 137 0
-414 134 423 137 0
-137 134 423 414 0
-423 -424 -416 0
-423 -424 -425 0
-423 -416 -425 0
-424 -416 -425 0
-423 424 416 425 0
-424 423 416 425 0
-416 423 424 425 0
-425 423 424 416 0
-424 -127 -128 0
-424 -127 -426 0
-424 -128 -426 0
-127 -128 -426 0
-424 127 128 426 0
-127 424 128 426 0
-128 424 127 426 0
-426 424 127 128 0
-127 -138 -129 0
-127 -138 -140 0
-127 -129 -140 0
-138 -129 -140 0
-127 138 129 140 0
-138 127 129 140 0
-129 127 138 140 0
-140 127 138 129 0
-138 -131 -132 0
-138 -131 -141 0
-138 -132 -141 0
-131 -132 -141 0
-138 131 132 141 0
-131 138 132 141 0
-132 138 131 141 0
-141 138 131 132 0
-229 -142 -419 0
-229 -142 -144 0
-229 -419 -144 0
-142 -419 -144 0
-229 142 419 144 0
-142 229 419 144 0
-419 229 142 144 0
-144 229 142 419 0
-142 -146 -421 0
-142 -146 -145 0
-142 -421 -145 0
-146 -421 -145 0
-142 146 421 145 0
-146 142 421 145 0
-421 142 146 145 0
-145 142 146 421 0
-146 -427 -422 0
-146 -427 -148 0
-146 -422 -148 0
-427 -422 -148 0
-146 427 422 148 0
-427 146 422 148 0
-422 146 427 148 0
-148 146 427 422 0
-427 -135 -136 0
-427 -135 -165 0
-427 -136 -165 0
-135 -136 -165 0
-427 135 136 165 0
-135 427 136 165 0
-136 427 135 165 0
-165 427 135 136 0
-135 -428 -137 0
-135 -428 -168 0
-135 -137 -168 0
-428 -137 -168 0
-135 428 137 168 0
-428 135 137 168 0
-137 135 428 168 0
-168 135 428 137 0
-428 -429 -425 0
-428 -429 -172 0
-428 -425 -172 0
-429 -425 -172 0
-428 429 425 172 0
-429 428 425 172 0
-425 428 429 172 0
-172 428 429 425 0
-429 -430 -426 0
-429 -430 -176 0
-429 -426 -176 0
-430 -426 -176 0
-429 430 426 176 0
-430 429 426 176 0
-426 429 430 176 0
-176 429 430 426 0
-430 -139 -140 0
-430 -139 -180 0
-430 -140 -180 0
-139 -140 -180 0
-430 139 140 180 0
-139 430 140 180 0
-140 430 139 180 0
-180 430 139 140 0
-139 -230 -141 0
-139 -230 -182 0
-139 -141 -182 0
-230 -141 -182 0
-139 230 141 182 0
-230 139 141 182 0
-141 139 230 182 0
-182 139 230 141 0
